22
1
2
10 1 4 6 0 -1
10 1 4 3 0 2
tilted_haar_y2
-8.119585e-002 0 -1
3.649291e-001 -2.610138e-001 
1
2
12 0 1 3 0 -1
12 1 1 1 0 3
haar_y3
2.706514e-003 0 -1
-9.378740e-002 3.474766e-001 
1
2
0 11 2 6 0 -1
1 11 1 6 0 2
haar_x2
1.128341e-002 0 -1
-1.093227e-001 7.396760e-001 
1
2
18 12 2 6 0 -1
18 12 1 6 0 2
haar_x2
1.571546e-003 0 -1
-1.983265e-001 2.698196e-001 
1
2
0 11 2 6 0 -1
0 14 2 3 0 2
haar_y2
-3.539517e-005 0 -1
2.187536e-001 -4.366546e-001 
1
2
18 12 2 6 0 -1
18 12 1 6 0 2
haar_x2
1.705797e-002 0 -1
2.204353e-002 8.894587e-001 
1
2
0 12 2 6 0 -1
1 12 1 6 0 2
haar_x2
-1.160506e-003 0 -1
3.315713e-001 -2.957786e-001 
1
2
8 1 12 2 0 -1
11 1 6 2 0 2
haar_x4
4.954328e-003 0 -1
-9.139619e-002 1.513729e-001 
1
2
0 0 16 6 0 -1
4 0 8 6 0 2
haar_x4
1.312496e-002 0 -1
-2.709548e-001 3.287516e-001 
1
2
3 0 15 3 0 -1
8 1 5 1 0 9
haar_point
-4.792086e-002 0 -1
4.967093e-001 -1.698437e-001 
1
2
3 1 8 1 0 -1
5 3 4 1 0 2
tilted_haar_x4
-9.350885e-003 0 -1
3.464323e-001 -2.377670e-001 
1
2
12 14 6 3 0 -1
12 15 6 1 0 3
haar_y3
2.692434e-002 0 -1
2.098058e-002 -1.000002e+000 
1
2
2 14 6 3 0 -1
2 15 6 1 0 3
haar_y3
7.254153e-003 0 -1
-2.074373e-001 4.648407e-001 
1
2
10 6 4 6 0 -1
10 8 4 2 0 3
haar_y3
-2.800645e-002 0 -1
4.015783e-001 -5.114844e-002 
1
2
0 9 2 1 0 -1
1 9 1 1 0 2
haar_x2
1.870651e-005 0 -1
-3.535483e-001 2.651757e-001 
1
2
9 14 9 3 0 -1
9 15 9 1 0 3
haar_y3
-1.527470e-002 0 -1
3.703183e-001 -6.558392e-002 
1
2
1 0 18 10 0 -1
1 5 18 5 0 2
haar_y2
1.975757e-001 0 -1
-2.456764e-001 3.433068e-001 
1
2
11 12 8 3 0 -1
11 12 4 3 0 2
haar_x2
-4.041976e-003 0 -1
1.890299e-001 -1.102771e-001 
1
2
1 12 8 3 0 -1
5 12 4 3 0 2
haar_x2
2.430744e-003 0 -1
-4.604681e-001 2.402849e-001 
1
3
10 8 8 6 0 -1
14 8 4 3 0 2
10 11 4 3 0 2
haar_x2_y2
3.681606e-002 0 -1
-5.149326e-002 6.405672e-001 
1
2
6 5 4 4 0 -1
6 6 4 2 0 2
haar_y4
-1.179386e-002 0 -1
6.433217e-001 -1.526813e-001 
1
3
9 0 2 16 0 -1
10 0 1 8 0 2
9 8 1 8 0 2
haar_x2_y2
-9.541626e-004 0 -1
4.242229e-001 -2.202125e-001 
-6.522762e-001

18
-1
