11
1
2
3 2 6 2 0 -1
3 2 3 2 0 2
tilted_haar_x2
-3.971112e-002 0 -1
4.636355e-001 -3.333316e-001 
1
2
6 18 9 2 0 -1
9 18 3 2 0 3
haar_x3
6.835738e-003 0 -1
1.378756e-001 -5.871335e-001 
1
2
2 3 6 6 0 -1
4 5 2 2 0 9
haar_point
-3.239019e-002 0 -1
5.597233e-001 -2.903300e-001 
1
2
18 19 2 1 0 -1
18 19 1 1 0 2
haar_x2
-1.701383e-005 0 -1
4.167421e-001 -3.752655e-001 
1
2
2 6 16 2 0 -1
2 7 16 1 0 2
haar_y2
-2.508707e-003 0 -1
5.749551e-001 -2.776046e-001 
1
2
17 2 3 14 0 -1
17 9 3 7 0 2
haar_y2
-4.580348e-002 0 -1
-6.355686e-001 1.030772e-001 
1
3
0 2 20 18 0 -1
0 2 10 9 0 2
10 11 10 9 0 2
haar_x2_y2
8.033526e-002 0 -1
2.391783e-001 -6.744829e-001 
1
2
10 1 6 10 0 -1
10 1 3 10 0 2
tilted_haar_y2
1.044565e-001 0 -1
-5.498289e-002 7.669002e-001 
1
2
10 1 10 6 0 -1
10 1 10 3 0 2
tilted_haar_y2
-7.181633e-002 0 -1
4.232375e-001 -3.495834e-001 
1
2
7 4 12 4 0 -1
7 6 12 2 0 2
haar_y2
-1.082899e-002 0 -1
4.216850e-001 -1.480467e-001 
1
2
8 8 4 2 0 -1
8 9 4 1 0 2
haar_y2
-2.011395e-004 0 -1
3.614486e-001 -3.574193e-001 
-9.342452e-001

8
-1
