8
1
2
0 2 12 18 0 -1
4 8 4 6 0 9
haar_point
4.848139e-001 0 -1
-5.197565e-001 8.104256e-001 
1
2
11 12 6 2 0 -1
11 12 3 2 0 2
tilted_haar_y2
5.168549e-003 0 -1
-2.459201e-001 2.579660e-001 
1
2
0 10 8 2 0 -1
4 10 4 2 0 2
haar_x2
3.826050e-003 0 -1
-5.294436e-001 4.525352e-001 
1
2
10 1 1 10 0 -1
10 1 1 5 0 2
tilted_haar_x2
-9.188506e-003 0 -1
3.026458e-001 -2.482076e-001 
1
3
9 6 2 2 0 -1
9 6 1 1 0 2
10 7 1 1 0 2
haar_x2_y2
6.988979e-004 0 -1
-2.817230e-001 8.035568e-001 
1
2
18 4 1 3 0 -1
17 5 1 1 0 3
tilted_haar_x3
3.275295e-003 0 -1
-1.628249e-001 6.265830e-001 
1
2
8 6 2 4 0 -1
8 7 2 2 0 2
haar_y4
2.838020e-003 0 -1
-3.062477e-001 6.241508e-001 
1
2
10 12 3 8 0 -1
10 16 3 4 0 2
haar_y2
-1.077012e-002 0 -1
2.157937e-001 -2.298328e-001 
-1.438676e+000

0
-1
