18
1
2
0 8 20 12 0 -1
0 14 20 6 0 2
haar_y2
-2.372156e-001 0 -1
2.283960e-001 -4.252902e-001 
1
2
18 0 1 2 0 -1
18 1 1 1 0 2
haar_y2
1.240413e-004 0 -1
1.258634e-001 -2.305693e-001 
1
3
9 5 2 14 0 -1
9 5 1 7 0 2
10 12 1 7 0 2
haar_x2_y2
3.397138e-003 0 -1
3.000869e-001 -3.751181e-001 
1
2
18 0 1 2 0 -1
18 1 1 1 0 2
haar_y2
-2.373839e-003 0 -1
-4.861729e-001 2.150444e-003 
1
2
1 0 1 2 0 -1
1 1 1 1 0 2
haar_y2
2.363068e-004 0 -1
2.457507e-001 -4.525142e-001 
1
2
18 9 1 3 0 -1
18 10 1 1 0 3
haar_y3
2.536743e-003 0 -1
8.153448e-002 -4.269648e-001 
1
2
0 4 13 3 0 -1
0 5 13 1 0 3
haar_y3
-4.088055e-002 0 -1
8.683749e-001 -1.302774e-001 
1
2
11 19 3 1 0 -1
12 19 1 1 0 3
haar_x3
7.942721e-004 0 -1
7.231000e-002 -4.457276e-001 
1
2
6 2 3 2 0 -1
6 3 3 1 0 2
haar_y2
1.524763e-003 0 -1
-2.319818e-001 4.222237e-001 
1
2
7 2 12 3 0 -1
11 3 4 1 0 9
haar_point
-1.318572e-002 0 -1
1.442721e-001 -1.366096e-001 
1
2
6 1 4 1 0 -1
7 2 2 1 0 2
tilted_haar_x4
-9.941969e-004 0 -1
3.213550e-001 -3.453951e-001 
1
3
12 1 4 2 0 -1
14 1 2 1 0 2
12 2 2 1 0 2
haar_x2_y2
4.074927e-004 0 -1
-1.158648e-001 1.762375e-001 
1
2
6 18 4 1 0 -1
8 18 2 1 0 2
haar_x2
1.643196e-005 0 -1
-2.722354e-001 3.835537e-001 
1
2
6 1 8 2 0 -1
6 1 4 2 0 2
haar_x2
1.250328e-002 0 -1
1.105022e-001 -8.842196e-001 
1
2
2 15 15 3 0 -1
7 15 5 3 0 3
haar_x3
-3.124443e-002 0 -1
7.774976e-001 -1.488121e-001 
1
3
12 6 6 4 0 -1
15 6 3 2 0 2
12 8 3 2 0 2
haar_x2_y2
2.113900e-002 0 -1
-4.538120e-002 6.273099e-001 
1
2
2 7 2 3 0 -1
2 8 2 1 0 3
haar_y3
-4.243691e-003 0 -1
7.961705e-001 -1.307738e-001 
1
3
14 5 2 6 0 -1
15 5 1 3 0 2
14 8 1 3 0 2
haar_x2_y2
-2.576813e-003 0 -1
3.222215e-001 -1.869741e-002 
-7.925375e-001

23
-1
