13
1
2
10 0 6 4 0 -1
10 0 6 2 0 2
tilted_haar_y2
-2.201827e-002 0 -1
3.124996e-001 -3.278730e-001 
1
2
14 10 3 3 0 -1
15 10 1 3 0 3
haar_x3
-2.875089e-003 0 -1
2.931913e-001 -7.085675e-002 
1
2
3 10 3 3 0 -1
4 10 1 3 0 3
haar_x3
-7.672567e-004 0 -1
-5.209836e-001 1.702398e-001 
1
2
10 19 4 1 0 -1
10 19 2 1 0 2
haar_x2
-1.341766e-003 0 -1
-4.035747e-001 1.468989e-001 
1
2
2 18 10 2 0 -1
7 18 5 2 0 2
haar_x2
8.722771e-003 0 -1
1.263413e-001 -7.211609e-001 
1
3
15 2 2 2 0 -1
16 2 1 1 0 2
15 3 1 1 0 2
haar_x2_y2
5.953205e-004 0 -1
-1.284112e-001 4.374542e-001 
1
2
3 8 12 7 0 -1
7 8 4 7 0 3
haar_x3
6.359451e-002 0 -1
-1.725881e-001 5.727826e-001 
1
2
5 6 12 11 0 -1
9 6 4 11 0 3
haar_x3
-1.808801e-002 0 -1
1.741673e-001 -1.529049e-001 
1
2
6 4 4 14 0 -1
7 4 2 14 0 2
haar_x4
-2.837290e-005 0 -1
3.874350e-001 -3.258455e-001 
1
2
9 4 3 3 0 -1
10 4 1 3 0 3
haar_x3
9.805676e-003 0 -1
-4.572154e-002 7.287253e-001 
1
2
7 5 4 14 0 -1
8 5 2 14 0 2
haar_x4
8.520525e-003 0 -1
1.803400e-001 -5.940345e-001 
1
2
14 1 3 3 0 -1
13 2 3 1 0 3
tilted_haar_x3
-7.150096e-003 0 -1
3.164077e-001 -1.821966e-001 
1
3
0 7 6 4 0 -1
0 7 3 2 0 2
3 9 3 2 0 2
haar_x2_y2
3.900307e-003 0 -1
-2.485122e-001 3.846382e-001 
-7.040176e-001

22
-1
