11
1
2
0 4 6 8 0 -1
3 4 3 8 0 2
haar_x2
3.671426e-002 0 -1
-3.953494e-001 5.196518e-001 
1
2
8 0 9 2 0 -1
8 1 9 1 0 2
haar_y2
1.491475e-002 0 -1
-1.348992e-001 6.208939e-001 
1
2
8 0 4 3 0 -1
8 1 4 1 0 3
haar_y3
-3.825541e-003 0 -1
6.072698e-001 -3.069227e-001 
1
2
10 0 7 3 0 -1
10 1 7 1 0 3
haar_y3
1.030777e-002 0 -1
-9.827608e-002 5.274347e-001 
1
2
8 16 1 4 0 -1
8 18 1 2 0 2
haar_y2
-9.837698e-004 0 -1
3.169926e-001 -4.149649e-001 
1
2
5 5 15 3 0 -1
5 6 15 1 0 3
haar_y3
-1.932223e-002 0 -1
5.548031e-001 -1.225640e-001 
1
2
6 5 7 3 0 -1
6 6 7 1 0 3
haar_y3
6.010615e-003 0 -1
-2.674224e-001 5.294009e-001 
1
2
9 5 5 3 0 -1
9 6 5 1 0 3
haar_y3
-1.343052e-002 0 -1
6.855217e-001 -5.641650e-002 
1
2
4 1 12 17 0 -1
7 1 6 17 0 2
haar_x4
-2.634874e-002 0 -1
5.644819e-001 -2.635310e-001 
1
2
14 16 4 4 0 -1
14 17 4 2 0 2
haar_y4
-2.758264e-003 0 -1
1.900181e-001 -1.309279e-001 
1
2
6 13 3 3 0 -1
6 14 3 1 0 3
haar_y3
-4.651753e-003 0 -1
6.346139e-001 -1.960527e-001 
-8.995761e-001

6
-1
