15
1
2
0 4 9 16 0 -1
3 4 3 16 0 3
haar_x3
5.899600e-002 0 -1
-3.600002e-001 4.074135e-001 
1
2
15 2 5 18 0 -1
15 11 5 9 0 2
haar_y2
5.128500e-002 0 -1
9.473829e-002 -5.453534e-001 
1
3
0 3 20 16 0 -1
0 3 10 8 0 2
10 11 10 8 0 2
haar_x2_y2
-9.910500e-002 0 -1
-5.779736e-001 2.150203e-001 
1
2
9 10 5 3 0 -1
9 11 5 1 0 3
haar_y3
4.428905e-003 0 -1
-1.667516e-001 2.159932e-001 
1
2
1 3 8 6 0 -1
3 3 4 6 0 2
haar_x4
-1.574524e-002 0 -1
7.169406e-001 -1.756498e-001 
1
2
4 5 15 15 0 -1
4 10 15 5 0 3
haar_y3
2.273127e-001 0 -1
-2.722891e-001 2.956814e-001 
1
2
6 10 5 3 0 -1
6 11 5 1 0 3
haar_y3
1.091196e-002 0 -1
-1.703580e-001 7.632449e-001 
1
2
19 5 1 3 0 -1
18 6 1 1 0 3
tilted_haar_x3
-4.249833e-003 0 -1
3.490328e-001 -1.303458e-001 
1
2
3 6 10 3 0 -1
3 7 10 1 0 3
haar_y3
1.310570e-002 0 -1
-2.273642e-001 4.800373e-001 
1
2
0 6 20 2 0 -1
0 7 20 1 0 2
haar_y2
-7.203463e-003 0 -1
5.892223e-001 -1.935619e-001 
1
2
8 0 4 3 0 -1
10 0 2 3 0 2
haar_x2
-4.496001e-003 0 -1
-8.324176e-001 1.580076e-001 
1
2
14 9 4 8 0 -1
15 9 2 8 0 2
haar_x4
6.577849e-003 0 -1
-1.307167e-001 3.589168e-001 
1
2
2 9 4 8 0 -1
3 9 2 8 0 2
haar_x4
4.608654e-003 0 -1
-2.689124e-001 4.356628e-001 
1
2
12 12 4 6 0 -1
12 12 2 6 0 2
haar_x2
-1.424715e-002 0 -1
-4.799537e-001 7.612674e-002 
1
2
0 3 1 9 0 -1
0 6 1 3 0 3
haar_y3
-4.203759e-004 0 -1
3.470835e-001 -3.266301e-001 
-9.963059e-001

12
-1
