13
1
2
1 2 13 18 0 -1
1 8 13 6 0 3
haar_y3
3.096344e-001 0 -1
-5.576037e-001 3.890675e-001 
1
2
9 10 6 3 0 -1
9 11 6 1 0 3
haar_y3
5.149855e-003 0 -1
-1.805102e-001 5.214313e-001 
1
2
6 0 5 6 0 -1
6 2 5 2 0 3
haar_y3
-1.941119e-002 0 -1
4.149720e-001 -3.073480e-001 
1
2
15 3 3 3 0 -1
16 4 1 3 0 3
tilted_haar_y3
-9.132173e-003 0 -1
2.821968e-001 -1.076657e-001 
1
2
10 6 6 8 0 -1
10 6 3 8 0 2
tilted_haar_x2
9.020463e-002 0 -1
-2.340373e-001 5.429490e-001 
1
2
19 1 1 16 0 -1
19 5 1 8 0 2
haar_y4
-1.090872e-002 0 -1
-4.563778e-001 1.089495e-001 
1
2
0 1 1 16 0 -1
0 5 1 8 0 2
haar_y4
1.259580e-002 0 -1
2.389636e-001 -6.367668e-001 
1
2
7 0 11 2 0 -1
7 1 11 1 0 2
haar_y2
1.255619e-002 0 -1
-1.689054e-001 4.301111e-001 
1
2
5 3 4 3 0 -1
4 4 4 1 0 3
tilted_haar_y3
-5.372587e-003 0 -1
5.563121e-001 -2.396705e-001 
1
2
8 9 7 3 0 -1
8 10 7 1 0 3
haar_y3
1.009812e-002 0 -1
-1.030307e-001 6.322905e-001 
1
2
0 9 16 4 0 -1
0 10 16 2 0 2
haar_y4
-8.618718e-003 0 -1
4.660055e-001 -2.866028e-001 
1
2
10 0 6 20 0 -1
10 5 6 10 0 2
haar_y4
3.149154e-002 0 -1
-2.878714e-001 1.443674e-001 
1
2
1 15 12 3 0 -1
1 16 12 1 0 3
haar_y3
-1.295056e-002 0 -1
6.117097e-001 -2.021986e-001 
-9.856912e-001

7
-1
