11
1
2
0 3 4 13 0 -1
2 3 2 13 0 2
haar_x2
2.839812e-002 0 -1
-4.433657e-001 6.088890e-001 
1
2
13 1 7 12 0 -1
10 4 7 6 0 2
tilted_haar_x4
8.171017e-002 0 -1
-2.979156e-001 2.271730e-001 
1
3
0 0 14 20 0 -1
0 0 7 10 0 2
7 10 7 10 0 2
haar_x2_y2
1.315476e-001 0 -1
2.103779e-001 -9.479025e-001 
1
2
11 0 4 3 0 -1
11 1 4 1 0 3
haar_y3
-4.711922e-003 0 -1
6.008729e-001 -2.032310e-001 
1
2
5 0 9 3 0 -1
5 1 9 1 0 3
haar_y3
1.578846e-002 0 -1
-3.456296e-001 7.620873e-001 
1
2
13 12 6 2 0 -1
13 12 3 2 0 2
tilted_haar_y2
-2.684432e-002 0 -1
-1.000000e+000 1.545319e-001 
1
2
5 0 5 3 0 -1
5 1 5 1 0 3
haar_y3
-5.407449e-003 0 -1
6.115835e-001 -3.668032e-001 
1
2
13 13 1 6 0 -1
13 16 1 3 0 2
haar_y2
-1.003112e-002 0 -1
4.363676e-001 -2.081856e-002 
1
2
2 4 4 6 0 -1
2 7 4 3 0 2
haar_y2
3.608473e-003 0 -1
-5.728095e-001 3.112081e-001 
1
2
12 12 6 2 0 -1
12 12 3 2 0 2
tilted_haar_y2
1.941503e-002 0 -1
-1.694336e-001 1.935589e-001 
1
2
3 11 10 3 0 -1
3 12 10 1 0 3
haar_y3
-9.459688e-003 0 -1
6.847628e-001 -2.508202e-001 
-1.058907e+000

4
-1
