14
1
2
5 0 6 20 0 -1
5 5 6 10 0 2
haar_y4
2.171271e-001 0 -1
-2.830197e-001 4.591907e-001 
1
2
13 0 2 4 0 -1
13 1 2 2 0 2
haar_y4
4.477100e-003 0 -1
-1.548238e-001 4.138849e-001 
1
2
1 9 3 1 0 -1
2 9 1 1 0 3
haar_x3
1.134264e-003 0 -1
-2.619440e-001 5.500612e-001 
1
2
17 1 3 8 0 -1
17 3 3 4 0 2
haar_y4
-2.599857e-002 0 -1
-7.875845e-001 1.020374e-001 
1
2
0 1 9 9 0 -1
3 4 3 3 0 9
haar_point
-5.856132e-002 0 -1
4.379475e-001 -2.799619e-001 
1
2
12 3 8 17 0 -1
14 3 4 17 0 2
haar_x4
6.728131e-002 0 -1
-1.598216e-001 6.584026e-001 
1
2
0 2 4 8 0 -1
2 2 2 8 0 2
haar_x2
2.447152e-002 0 -1
-2.542135e-001 4.798183e-001 
1
2
10 5 3 3 0 -1
10 6 3 1 0 3
haar_y3
7.662839e-003 0 -1
-9.324010e-002 4.589849e-001 
1
2
4 15 12 2 0 -1
4 16 12 1 0 2
haar_y2
1.518006e-003 0 -1
-1.766647e-001 6.253837e-001 
1
2
13 13 7 4 0 -1
13 15 7 2 0 2
haar_y2
1.719415e-002 0 -1
1.158213e-001 -9.642481e-001 
1
2
5 0 7 4 0 -1
5 1 7 2 0 2
haar_y4
2.565308e-002 0 -1
-1.864925e-001 7.645795e-001 
1
2
9 0 2 4 0 -1
9 1 2 2 0 2
haar_y4
-1.551288e-003 0 -1
3.904744e-001 -2.770883e-001 
1
2
0 0 1 4 0 -1
0 1 1 2 0 2
haar_y4
-1.993883e-003 0 -1
-8.003603e-001 1.525759e-001 
1
2
13 13 3 2 0 -1
13 13 3 1 0 2
tilted_haar_x2
6.299132e-003 0 -1
-1.984568e-001 2.468085e-001 
-7.983246e-001

14
-1
