15
1
2
0 1 8 3 0 -1
4 1 4 3 0 2
haar_x2
9.116968e-003 0 -1
-2.457917e-001 3.526585e-001 
1
3
2 0 16 20 0 -1
10 0 8 10 0 2
2 10 8 10 0 2
haar_x2_y2
-6.176327e-002 0 -1
-6.100518e-001 1.652875e-001 
1
2
7 0 5 3 0 -1
6 1 5 1 0 3
tilted_haar_y3
-8.458421e-003 0 -1
4.528198e-001 -2.226631e-001 
1
2
14 11 4 1 0 -1
14 11 2 1 0 2
tilted_haar_y2
5.811957e-003 0 -1
1.311970e-001 -2.953275e-001 
1
2
3 17 9 3 0 -1
3 18 9 1 0 3
haar_y3
-1.976380e-002 0 -1
6.476651e-001 -1.854714e-001 
1
2
7 5 9 6 0 -1
7 8 9 3 0 2
haar_y2
-1.644183e-002 0 -1
4.458190e-001 -9.351756e-002 
1
3
1 6 2 2 0 -1
1 6 1 1 0 2
2 7 1 1 0 2
haar_x2_y2
1.891509e-003 0 -1
-1.530911e-001 6.291077e-001 
1
2
17 18 3 1 0 -1
18 18 1 1 0 3
haar_x3
-8.730770e-004 0 -1
3.424702e-001 -1.046438e-001 
1
2
0 19 20 1 0 -1
5 19 10 1 0 2
haar_x4
-5.203617e-004 0 -1
2.790381e-001 -3.989924e-001 
1
2
14 0 1 4 0 -1
14 1 1 2 0 2
haar_y4
3.901150e-003 0 -1
-9.781764e-002 4.712685e-001 
1
2
1 19 18 1 0 -1
7 19 6 1 0 3
haar_x3
-1.473144e-002 0 -1
-7.395497e-001 1.639032e-001 
1
2
8 11 6 4 0 -1
8 12 6 2 0 2
haar_y4
-3.352472e-003 0 -1
2.355191e-001 -1.898246e-001 
1
2
7 19 4 1 0 -1
8 19 2 1 0 2
haar_x4
3.561761e-004 0 -1
1.872817e-001 -5.911068e-001 
1
2
18 18 2 2 0 -1
18 18 1 2 0 2
haar_x2
-4.652125e-004 0 -1
2.151953e-001 -2.654338e-001 
1
2
0 18 2 2 0 -1
1 18 1 2 0 2
haar_x2
-8.248814e-004 0 -1
5.022337e-001 -2.231749e-001 
-8.085249e-001

19
-1
