12
1
2
6 0 6 3 0 -1
9 0 3 3 0 2
haar_x2
6.238324e-003 0 -1
2.031250e-001 -6.093750e-001 
1
2
12 11 5 6 0 -1
12 13 5 2 0 3
haar_y3
7.231817e-002 0 -1
1.721215e-002 -9.999951e-001 
1
2
3 11 5 6 0 -1
3 13 5 2 0 3
haar_y3
1.101341e-002 0 -1
-2.875785e-001 3.670316e-001 
1
2
10 0 2 6 0 -1
10 2 2 2 0 3
haar_y3
-6.692283e-003 0 -1
2.066950e-001 -1.663481e-001 
1
3
1 0 14 20 0 -1
1 0 7 10 0 2
8 10 7 10 0 2
haar_x2_y2
8.640300e-002 0 -1
1.564730e-001 -7.281306e-001 
1
2
4 17 16 2 0 -1
4 17 8 2 0 2
haar_x2
1.985097e-002 0 -1
3.345835e-002 -5.599107e-001 
1
2
3 0 4 3 0 -1
4 0 2 3 0 2
haar_x4
-3.741149e-003 0 -1
-7.352645e-001 1.119390e-001 
1
2
2 6 16 3 0 -1
2 7 16 1 0 3
haar_y3
3.589059e-002 0 -1
-1.837866e-001 5.821165e-001 
1
2
0 15 14 5 0 -1
7 15 7 5 0 2
haar_x2
-4.123135e-002 0 -1
-8.398792e-001 1.121967e-001 
1
2
10 5 5 4 0 -1
10 6 5 2 0 2
haar_y4
-5.961225e-003 0 -1
2.580110e-001 -1.358111e-001 
1
2
8 9 4 4 0 -1
10 9 2 4 0 2
haar_x2
-1.661998e-004 0 -1
2.630417e-001 -3.813574e-001 
1
2
12 16 4 4 0 -1
12 18 4 2 0 2
haar_y2
-1.806855e-002 0 -1
3.943799e-001 -1.456496e-001 
-7.729870e-001

15
-1
