11
1
2
0 0 20 17 0 -1
5 0 10 17 0 2
haar_x4
1.386408e-001 0 -1
-3.161771e-001 3.706914e-001 
1
2
18 1 2 3 0 -1
18 1 1 3 0 2
tilted_haar_y2
1.591813e-002 0 -1
2.752654e-002 -9.999983e-001 
1
2
1 17 15 3 0 -1
1 18 15 1 0 3
haar_y3
1.209118e-002 0 -1
-1.230390e-001 7.136761e-001 
1
2
2 17 16 3 0 -1
2 18 16 1 0 3
haar_y3
-1.956931e-002 0 -1
4.823836e-001 -2.473393e-001 
1
2
5 1 5 3 0 -1
5 2 5 1 0 3
haar_y3
-1.393400e-002 0 -1
5.903807e-001 -1.646829e-001 
1
2
6 3 8 1 0 -1
8 3 4 1 0 2
haar_x4
3.204344e-003 0 -1
1.866599e-001 -5.731764e-001 
1
2
0 14 3 6 0 -1
0 17 3 3 0 2
haar_y2
-1.877398e-004 0 -1
1.761471e-001 -5.865864e-001 
1
2
2 7 16 4 0 -1
2 7 8 4 0 2
haar_x2
-4.452264e-002 0 -1
6.650305e-001 -1.413646e-001 
1
2
6 0 6 3 0 -1
9 0 3 3 0 2
haar_x2
6.451493e-003 0 -1
1.784391e-001 -6.582847e-001 
1
2
8 12 11 3 0 -1
8 13 11 1 0 3
haar_y3
-4.977251e-002 0 -1
-1.000000e+000 3.890065e-003 
1
2
1 12 11 3 0 -1
1 13 11 1 0 3
haar_y3
2.482290e-002 0 -1
-1.442395e-001 6.728128e-001 
-5.934857e-001

20
-1
