7
1
2
0 5 4 11 0 -1
2 5 2 11 0 2
haar_x2
3.202717e-002 0 -1
-4.404744e-001 7.399948e-001 
1
2
8 0 9 9 0 -1
8 3 9 3 0 3
haar_y3
-4.455917e-002 0 -1
5.154981e-001 -3.156165e-001 
1
2
0 17 20 3 0 -1
10 17 10 3 0 2
haar_x2
-3.488881e-002 0 -1
-9.665908e-001 2.360866e-001 
1
2
17 2 1 6 0 -1
15 4 1 2 0 3
tilted_haar_x3
-6.434428e-003 0 -1
1.831734e-001 -1.843020e-001 
1
2
5 14 2 6 0 -1
5 17 2 3 0 2
haar_y2
-1.231588e-002 0 -1
4.724672e-001 -4.366673e-001 
1
2
17 2 1 6 0 -1
15 4 1 2 0 3
tilted_haar_x3
1.059419e-002 0 -1
9.196459e-003 -4.098065e-001 
1
2
3 2 6 1 0 -1
5 4 2 1 0 3
tilted_haar_x3
-8.168377e-003 0 -1
5.914291e-001 -3.665683e-001 
-1.130870e+000

3
-1
