9
1
2
0 2 12 18 0 -1
4 8 4 6 0 9
haar_point
5.925233e-001 0 -1
-3.786987e-001 6.597952e-001 
1
2
5 3 15 9 0 -1
10 6 5 3 0 9
haar_point
2.458293e-001 0 -1
-8.984665e-002 5.331793e-001 
1
2
0 7 17 2 0 -1
0 8 17 1 0 2
haar_y2
-6.561130e-003 0 -1
6.477659e-001 -2.369691e-001 
1
2
11 12 3 8 0 -1
11 16 3 4 0 2
haar_y2
-1.484887e-002 0 -1
1.909252e-001 -2.802508e-001 
1
2
5 16 6 3 0 -1
5 17 6 1 0 3
haar_y3
-5.465673e-003 0 -1
4.842190e-001 -2.932357e-001 
1
2
2 16 18 4 0 -1
2 16 9 4 0 2
haar_x2
-9.932723e-002 0 -1
-1.000000e+000 1.564193e-001 
1
2
7 12 2 6 0 -1
7 12 2 3 0 2
tilted_haar_y2
1.823927e-002 0 -1
-5.702100e-001 2.506840e-001 
1
2
3 1 14 6 0 -1
3 3 14 2 0 3
haar_y3
-1.220070e-002 0 -1
3.579361e-001 -4.984994e-001 
1
2
0 0 2 12 0 -1
0 3 2 6 0 2
haar_y4
-2.612841e-002 0 -1
-9.819856e-001 1.317196e-001 
-7.675014e-001

5
-1
