14
1
2
0 6 20 6 0 -1
5 6 10 6 0 2
haar_x4
1.180853e-001 0 -1
-2.426024e-001 4.999963e-001 
1
2
11 0 2 3 0 -1
11 0 1 3 0 2
tilted_haar_y2
-1.068770e-002 0 -1
-4.210747e-001 4.402769e-002 
1
2
2 4 3 1 0 -1
3 4 1 1 0 3
haar_x3
-2.639242e-004 0 -1
3.670829e-001 -2.322061e-001 
1
2
1 7 18 8 0 -1
1 7 9 8 0 2
haar_x2
2.561848e-001 0 -1
-1.464697e-001 7.381101e-001 
1
2
7 1 4 2 0 -1
9 1 2 2 0 2
haar_x2
-4.628975e-003 0 -1
-8.133609e-001 1.207711e-001 
1
2
9 0 7 2 0 -1
9 1 7 1 0 2
haar_y2
9.049377e-003 0 -1
-1.273081e-001 3.742760e-001 
1
3
4 0 10 2 0 -1
4 0 5 1 0 2
9 1 5 1 0 2
haar_x2_y2
-9.358156e-003 0 -1
7.435888e-001 -1.755762e-001 
1
2
11 10 6 3 0 -1
11 10 3 3 0 2
haar_x2
-7.076671e-003 0 -1
3.398823e-001 -8.303117e-002 
1
2
3 10 6 3 0 -1
6 10 3 3 0 2
haar_x2
1.870543e-004 0 -1
-4.288441e-001 2.688126e-001 
1
2
8 2 8 17 0 -1
10 2 4 17 0 2
haar_x4
4.657250e-002 0 -1
-5.047775e-002 4.181468e-001 
1
2
1 4 10 1 0 -1
1 4 5 1 0 2
tilted_haar_x2
-4.984186e-002 0 -1
-8.946596e-001 1.287197e-001 
1
3
4 16 12 2 0 -1
10 16 6 1 0 2
4 17 6 1 0 2
haar_x2_y2
1.695375e-003 0 -1
-2.520845e-001 3.872346e-001 
1
2
4 2 2 4 0 -1
3 3 2 2 0 2
tilted_haar_y4
-1.229849e-002 0 -1
-7.871790e-001 1.343452e-001 
1
3
16 0 2 4 0 -1
17 0 1 2 0 2
16 2 1 2 0 2
haar_x2_y2
1.384815e-003 0 -1
-2.383875e-001 3.812325e-001 
-6.645439e-001

21
-1
