12
1
2
9 3 2 8 0 -1
7 5 2 4 0 2
tilted_haar_y4
5.060101e-002 0 -1
-2.336957e-001 5.810812e-001 
1
2
19 15 1 4 0 -1
19 15 1 2 0 2
tilted_haar_x2
1.015611e-002 0 -1
1.109185e-001 -3.775184e-001 
1
2
1 15 4 1 0 -1
1 15 2 1 0 2
tilted_haar_x2
3.041309e-004 0 -1
-4.654498e-001 2.490683e-001 
1
2
0 0 20 10 0 -1
0 5 20 5 0 2
haar_y2
3.831043e-001 0 -1
1.281158e-001 -8.389253e-001 
1
2
7 6 12 2 0 -1
7 6 6 2 0 2
tilted_haar_x2
1.184547e-001 0 -1
-1.572839e-001 7.469481e-001 
1
3
5 4 10 8 0 -1
10 4 5 4 0 2
5 8 5 4 0 2
haar_x2_y2
1.510835e-002 0 -1
2.679791e-001 -4.231108e-001 
1
2
10 5 3 4 0 -1
11 6 1 4 0 3
tilted_haar_x3
9.821240e-003 0 -1
-2.099417e-001 5.257035e-001 
1
2
17 0 3 4 0 -1
17 1 3 2 0 2
haar_y4
9.992054e-003 0 -1
9.948410e-002 -7.065065e-001 
1
2
2 8 4 2 0 -1
2 8 2 2 0 2
tilted_haar_x2
-4.047323e-002 0 -1
-8.921420e-001 8.880826e-002 
1
2
7 17 12 3 0 -1
7 17 6 3 0 2
haar_x2
-4.188474e-002 0 -1
-8.232677e-001 2.743625e-002 
1
2
5 9 2 4 0 -1
5 9 2 2 0 2
tilted_haar_y2
-8.914305e-003 0 -1
-7.900919e-001 1.045873e-001 
1
2
8 12 7 3 0 -1
8 13 7 1 0 3
haar_y3
9.387519e-003 0 -1
-1.419915e-001 3.244484e-001 
-6.335563e-001

13
-1
