15
1
2
10 0 4 8 0 -1
10 0 4 4 0 2
tilted_haar_y2
-1.116404e-001 0 -1
4.903840e-001 -3.269223e-001 
1
2
14 0 1 4 0 -1
14 1 1 2 0 2
haar_y4
5.607019e-004 0 -1
-2.629174e-001 4.417265e-001 
1
2
0 4 3 15 0 -1
0 9 3 5 0 3
haar_y3
-2.735453e-002 0 -1
-8.671092e-001 1.242955e-001 
1
2
10 1 4 4 0 -1
10 2 4 2 0 2
haar_y4
-1.376663e-002 0 -1
3.489671e-001 -8.964013e-002 
1
2
0 0 1 4 0 -1
0 2 1 2 0 2
haar_y2
-2.313885e-003 0 -1
-7.112274e-001 1.347836e-001 
1
2
8 16 12 3 0 -1
12 17 4 1 0 9
haar_point
5.295756e-002 0 -1
-8.669232e-002 4.922602e-001 
1
2
0 16 12 3 0 -1
4 17 4 1 0 9
haar_point
-1.380255e-002 0 -1
3.913245e-001 -3.022121e-001 
1
2
12 1 2 12 0 -1
12 1 1 12 0 2
tilted_haar_y2
6.171192e-003 0 -1
7.412578e-002 -3.151813e-001 
1
2
5 0 1 4 0 -1
5 1 1 2 0 2
haar_y4
1.907623e-003 0 -1
-1.904293e-001 5.533823e-001 
1
2
6 0 9 3 0 -1
6 1 9 1 0 3
haar_y3
-5.480145e-003 0 -1
3.828548e-001 -3.003005e-001 
1
2
0 19 10 1 0 -1
5 19 5 1 0 2
haar_x2
4.660780e-003 0 -1
2.090631e-001 -7.605809e-001 
1
2
10 1 5 4 0 -1
10 2 5 2 0 2
haar_y4
2.336291e-002 0 -1
-6.278279e-002 3.630228e-001 
1
2
5 1 5 4 0 -1
5 2 5 2 0 2
haar_y4
-1.553469e-002 0 -1
7.033941e-001 -1.709345e-001 
1
2
12 2 8 17 0 -1
14 2 4 17 0 2
haar_x4
1.812690e-002 0 -1
-2.042862e-001 3.886621e-001 
1
2
0 2 8 17 0 -1
2 2 4 17 0 2
haar_x4
4.080108e-002 0 -1
-2.900040e-001 5.160547e-001 
-1.061698e+000

11
-1
