9
1
2
9 1 10 9 0 -1
6 4 10 3 0 3
tilted_haar_y3
1.486324e-001 0 -1
-3.757568e-001 6.391664e-001 
1
2
6 4 11 16 0 -1
6 8 11 8 0 2
haar_y4
1.519257e-001 0 -1
-2.835506e-001 2.365116e-001 
1
2
9 7 3 1 0 -1
10 8 1 1 0 3
tilted_haar_x3
3.481505e-003 0 -1
-2.341221e-001 6.467494e-001 
1
2
3 16 16 4 0 -1
3 16 8 4 0 2
haar_x2
3.243571e-002 0 -1
1.271570e-001 -6.956680e-001 
1
2
4 1 10 3 0 -1
4 2 10 1 0 3
haar_y3
-1.709879e-002 0 -1
6.218832e-001 -1.951124e-001 
1
2
10 0 10 20 0 -1
10 10 10 10 0 2
haar_y2
3.118777e-001 0 -1
7.043632e-002 -8.576115e-001 
1
2
0 0 10 20 0 -1
0 10 10 10 0 2
haar_y2
-1.770775e-001 0 -1
-7.692568e-001 1.833562e-001 
1
2
5 0 14 3 0 -1
5 1 14 1 0 3
haar_y3
-3.309444e-002 0 -1
8.312352e-001 -1.358514e-001 
1
2
5 0 9 2 0 -1
8 0 3 2 0 3
haar_x3
-1.715720e-002 0 -1
-1.000000e+000 1.418428e-001 
-7.016009e-001

9
-1
