17
1
2
10 1 9 6 0 -1
10 1 9 3 0 2
tilted_haar_y2
-7.709248e-002 0 -1
2.978723e-001 -3.716815e-001 
1
2
17 10 3 5 0 -1
18 10 1 5 0 3
haar_x3
2.526153e-003 0 -1
-1.390677e-001 3.276352e-001 
1
2
4 9 12 10 0 -1
7 9 6 10 0 2
haar_x4
-2.241371e-002 0 -1
4.170328e-001 -2.155653e-001 
1
2
14 16 6 3 0 -1
16 16 2 3 0 3
haar_x3
-6.194139e-003 0 -1
3.352732e-001 -1.581647e-001 
1
2
0 0 4 12 0 -1
0 3 4 6 0 2
haar_y4
3.080746e-002 0 -1
1.345976e-001 -7.671157e-001 
1
2
14 17 6 3 0 -1
16 18 2 1 0 9
haar_point
-4.765302e-002 0 -1
-1.000000e+000 3.892630e-002 
1
2
0 17 6 3 0 -1
2 18 2 1 0 9
haar_point
-2.946333e-003 0 -1
3.392465e-001 -3.439749e-001 
1
2
10 0 10 2 0 -1
10 0 5 2 0 2
haar_x2
9.999897e-003 0 -1
-1.843256e-001 3.335884e-001 
1
2
0 2 18 1 0 -1
9 2 9 1 0 2
haar_x2
-1.404638e-003 0 -1
-4.319266e-001 2.361319e-001 
1
2
19 0 1 4 0 -1
19 2 1 2 0 2
haar_y2
-1.819409e-004 0 -1
1.152256e-001 -1.406938e-001 
1
2
0 0 1 4 0 -1
0 2 1 2 0 2
haar_y2
-3.259127e-003 0 -1
-8.751844e-001 1.397595e-001 
1
2
19 12 1 8 0 -1
19 14 1 4 0 2
haar_y4
-3.371352e-003 0 -1
-2.768374e-001 5.784192e-002 
1
2
0 12 1 8 0 -1
0 14 1 4 0 2
haar_y4
-4.078635e-003 0 -1
-5.724685e-001 1.761239e-001 
1
3
6 0 8 2 0 -1
10 0 4 1 0 2
6 1 4 1 0 2
haar_x2_y2
2.766638e-003 0 -1
-2.027132e-001 5.152068e-001 
1
2
7 10 8 2 0 -1
7 10 4 2 0 2
tilted_haar_x2
7.229506e-002 0 -1
-2.052451e-001 5.094421e-001 
1
2
12 16 2 1 0 -1
12 16 1 1 0 2
haar_x2
-1.807681e-005 0 -1
2.760618e-001 -1.952875e-001 
1
2
6 16 2 1 0 -1
7 16 1 1 0 2
haar_x2
1.759224e-005 0 -1
-3.092805e-001 3.587158e-001 
-9.332615e-001

17
-1
