11
1
2
8 2 4 8 0 -1
6 4 4 4 0 2
tilted_haar_y4
7.048450e-002 0 -1
-3.153149e-001 5.555599e-001 
1
2
4 0 12 3 0 -1
4 1 12 1 0 3
haar_y3
2.929443e-002 0 -1
-1.643499e-001 7.967060e-001 
1
2
1 13 15 7 0 -1
6 13 5 7 0 3
haar_x3
-6.725857e-002 0 -1
-9.133319e-001 1.324583e-001 
1
2
0 0 20 14 0 -1
5 0 10 14 0 2
haar_x4
1.180456e-001 0 -1
-3.324175e-001 3.541386e-001 
1
2
10 4 6 1 0 -1
12 6 2 1 0 3
tilted_haar_x3
-4.447158e-003 0 -1
4.724517e-001 -2.198931e-001 
1
3
6 10 12 10 0 -1
12 10 6 5 0 2
6 15 6 5 0 2
haar_x2_y2
-1.052947e-001 0 -1
4.565832e-001 -4.641920e-002 
1
2
4 0 7 3 0 -1
4 1 7 1 0 3
haar_y3
-1.278596e-002 0 -1
5.022984e-001 -2.178815e-001 
1
2
14 3 3 12 0 -1
14 6 3 6 0 2
haar_y4
5.213432e-003 0 -1
-3.035071e-001 2.406129e-001 
1
2
4 17 12 3 0 -1
4 18 12 1 0 3
haar_y3
-1.595438e-002 0 -1
5.162288e-001 -2.279448e-001 
1
2
12 13 3 3 0 -1
12 14 3 1 0 3
haar_y3
5.741778e-003 0 -1
-1.069431e-002 2.782491e-001 
1
3
3 0 12 10 0 -1
3 0 6 5 0 2
9 5 6 5 0 2
haar_x2_y2
5.582056e-002 0 -1
1.176925e-001 -9.452417e-001 
-7.173966e-001

10
-1
