15
1
2
0 0 4 20 0 -1
2 0 2 20 0 2
haar_x2
2.550610e-002 0 -1
-3.711790e-001 3.024870e-001 
1
2
13 10 2 4 0 -1
13 10 1 4 0 2
haar_x2
-6.327590e-005 0 -1
1.683317e-001 -1.433430e-001 
1
2
1 2 2 4 0 -1
1 3 2 2 0 2
haar_y4
-6.916597e-003 0 -1
-8.267271e-001 1.198714e-001 
1
2
11 1 5 6 0 -1
11 3 5 2 0 3
haar_y3
-3.748494e-003 0 -1
1.579519e-001 -2.162163e-001 
1
2
0 0 19 12 0 -1
0 6 19 6 0 2
haar_y2
4.423104e-001 0 -1
1.278089e-001 -6.989721e-001 
1
2
7 0 12 10 0 -1
7 5 12 5 0 2
haar_y2
6.453601e-002 0 -1
-2.880733e-001 1.916545e-001 
1
2
2 0 8 2 0 -1
2 1 8 1 0 2
haar_y2
6.377109e-003 0 -1
-2.228535e-001 5.029600e-001 
1
2
5 0 11 3 0 -1
5 1 11 1 0 3
haar_y3
-1.560817e-002 0 -1
5.935497e-001 -2.826081e-001 
1
2
7 1 6 6 0 -1
9 1 2 6 0 3
haar_x3
-2.128968e-002 0 -1
-8.033658e-001 1.478710e-001 
1
2
16 17 2 3 0 -1
16 17 1 3 0 2
haar_x2
2.780650e-004 0 -1
-3.320487e-001 3.743111e-001 
1
2
8 17 3 3 0 -1
9 18 1 1 0 9
haar_point
-9.642362e-004 0 -1
2.945612e-001 -3.844809e-001 
1
2
15 2 4 18 0 -1
15 11 4 9 0 2
haar_y2
3.700601e-002 0 -1
7.970735e-002 -4.900086e-001 
1
2
2 3 8 7 0 -1
6 3 4 7 0 2
haar_x2
-3.119320e-003 0 -1
4.795394e-001 -2.571699e-001 
1
2
2 5 18 10 0 -1
8 5 6 10 0 3
haar_x3
1.869940e-001 0 -1
-8.580168e-002 4.234727e-001 
1
2
3 8 4 12 0 -1
4 8 2 12 0 2
haar_x4
1.488790e-002 0 -1
1.392546e-001 -8.086169e-001 
-9.785445e-001

16
-1
